5 8
2 0 0 0 0 
0 7 0 0 0 
0 8 0 0 0 
1 3 0 0 6 
0 0 5 0 4 
5 12
2 0 11 0 0 
0 5 12 0 10 
9 5 12 4 4 
1 3 0 8 0 
0 7 7 0 6 
7 10
0 0 0 0 0 0 0 
0 0 0 2 0 0 3 
10 10 0 0 0 0 0 
0 7 0 6 0 5 5 
0 7 8 6 4 4 0 
0 0 1 0 0 0 0 
0 0 0 0 0 9 9 
7 19
0 0 16 0 11 11 0 
0 0 16 2 0 0 3 
10 10 12 0 14 0 13 
0 7 0 6 14 5 5 
17 7 8 6 4 4 0 
0 18 1 0 0 19 19 
0 18 0 15 0 9 9 
10 13
0 0 0 0 0 0 0 0 0 0 
0 0 0 0 0 0 0 0 0 0 
0 0 0 0 0 0 0 0 10 0 
1 1 12 0 0 0 0 0 10 6 
1 1 12 0 0 0 0 0 0 6 
2 2 0 0 0 0 0 0 0 0 
2 2 8 8 0 0 0 13 7 7 
0 0 8 8 0 0 0 13 0 0 
0 0 0 0 0 0 3 3 0 0 
11 0 5 0 9 0 3 3 0 4 
10 31
21 16 0 0 18 0 26 31 0 0 
17 17 0 23 18 0 0 31 0 0 
17 17 0 0 25 25 0 0 10 0 
1 1 12 24 25 25 20 20 10 6 
1 1 12 0 28 28 20 20 0 6 
2 2 0 29 28 28 15 15 0 0 
2 2 8 8 19 19 0 13 7 7 
14 14 8 8 19 19 30 13 0 22 
14 14 27 27 0 0 3 3 0 0 
11 0 5 0 9 0 3 3 0 4 
15 44
2 2 27 0 21 0 0 0 0 0 0 43 0 0 0 
2 2 38 38 21 0 0 8 8 0 0 37 0 0 0 
0 0 38 38 0 0 42 8 8 32 32 0 0 0 40 
1 1 0 0 0 0 0 0 0 32 32 0 0 0 6 
1 1 17 17 4 23 0 5 41 41 0 0 0 0 6 
0 0 17 17 0 23 16 16 41 41 0 25 0 0 0 
0 0 0 31 0 0 0 0 0 36 36 0 20 20 44 
24 24 0 0 29 0 30 30 0 36 36 19 0 28 28 
0 0 0 0 0 0 3 3 0 0 0 19 0 35 0 
0 0 0 0 0 0 3 3 33 33 0 0 22 0 0 
0 18 0 0 0 0 0 0 0 0 26 0 22 0 0 
0 0 0 0 34 34 0 0 7 7 0 0 14 0 0 
0 0 0 12 0 15 15 0 0 0 0 0 14 0 0 
0 0 0 12 0 15 15 0 0 0 0 0 0 39 0 
13 0 0 0 0 0 10 10 0 9 0 0 0 0 11 
15 84
2 2 27 0 21 0 0 0 46 0 0 43 0 56 56 
2 2 38 38 21 81 79 8 8 0 0 37 0 56 56 
82 0 38 38 0 0 42 8 8 32 32 54 54 0 40 
1 1 76 0 60 60 0 0 0 32 32 54 54 84 6 
1 1 17 17 4 23 0 5 41 41 0 0 75 75 6 
0 0 17 17 83 23 16 16 41 41 0 25 70 70 0 
72 0 0 31 0 0 0 0 57 36 36 0 20 20 44 
24 24 45 45 29 77 30 30 0 36 36 19 0 28 28 
64 0 45 45 0 77 3 3 65 0 0 19 0 35 0 
0 0 0 0 47 47 3 3 33 33 0 61 22 53 0 
71 18 69 69 47 47 0 0 0 0 26 61 22 59 59 
0 0 69 69 34 34 78 0 7 7 0 55 14 0 0 
58 48 0 12 0 15 15 0 0 63 63 0 14 0 62 
50 80 80 12 68 15 15 49 49 63 63 51 0 39 0 
13 74 0 0 68 66 10 10 52 9 0 67 73 73 11 
20 76
29 20 0 0 0 0 0 0 0 0 0 0 0 41 41 0 0 0 0 0 
0 0 0 33 0 0 0 0 0 0 0 0 0 41 41 0 0 0 0 0 
0 0 0 0 45 45 0 0 0 68 0 21 0 0 56 0 0 0 13 0 
1 1 0 0 45 45 59 0 0 68 0 21 0 44 0 0 25 25 13 0 
1 1 18 18 63 63 0 46 62 0 61 61 0 0 0 0 25 25 0 7 
2 2 18 18 63 63 0 0 0 0 0 0 0 52 0 0 19 19 0 0 
2 2 0 40 40 0 0 0 0 39 39 43 65 65 24 24 0 0 0 0 
17 17 0 40 40 0 0 0 0 39 39 47 65 65 24 24 57 0 0 32 
17 17 72 72 0 76 76 0 0 0 51 51 0 0 0 64 0 0 0 0 
0 0 5 0 0 76 76 55 55 0 0 11 11 0 10 37 36 0 0 12 
0 28 0 75 75 0 0 60 0 0 0 0 0 0 23 37 48 0 67 67 
0 0 0 0 58 53 53 60 0 0 22 22 0 0 23 0 66 0 67 67 
27 27 0 0 0 53 53 0 0 34 22 22 0 0 0 73 0 0 0 0 
0 0 0 0 0 0 69 0 0 34 0 0 15 38 0 0 0 0 74 6 
0 0 0 0 0 0 0 0 0 0 26 0 15 0 50 50 0 0 0 6 
0 0 0 0 0 0 0 30 0 0 26 0 0 0 50 50 0 0 0 0 
0 0 9 9 0 0 0 16 8 8 0 0 0 71 42 42 0 35 35 0 
0 0 9 9 0 54 0 16 0 0 0 70 70 31 31 0 0 35 35 0 
0 0 49 49 0 0 0 0 0 0 0 0 0 0 0 0 3 3 0 0 
14 0 0 0 0 0 0 0 0 4 0 0 0 0 0 0 3 3 0 0 
20 155
29 20 102 102 149 92 0 132 0 122 0 0 0 41 41 103 0 0 0 0 
0 148 0 33 138 92 0 104 104 0 0 0 0 41 41 0 137 137 144 0 
0 0 116 116 45 45 0 104 104 68 125 21 150 0 56 0 0 128 13 82 
1 1 0 0 45 45 59 0 0 68 135 21 0 44 114 114 25 25 13 0 
1 1 18 18 63 63 0 46 62 84 61 61 136 118 118 134 25 25 0 7 
2 2 18 18 63 63 105 105 0 84 0 145 136 52 0 134 19 19 0 0 
2 2 130 40 40 154 154 81 0 39 39 43 65 65 24 24 147 0 0 0 
17 17 130 40 40 153 153 0 123 39 39 47 65 65 24 24 57 86 0 32 
17 17 72 72 0 76 76 0 0 0 51 51 0 124 124 64 112 112 0 0 
0 0 5 0 0 76 76 55 55 0 0 11 11 0 10 37 36 106 106 12 
0 28 0 75 75 0 0 60 0 77 110 110 133 133 23 37 48 80 67 67 
139 139 0 120 58 53 53 60 87 0 22 22 142 0 23 97 66 80 67 67 
27 27 85 120 0 53 53 111 0 34 22 22 109 108 0 73 0 0 89 89 
155 0 0 0 152 0 69 0 119 34 0 0 15 38 98 0 0 0 74 6 
155 95 0 78 78 101 94 94 127 127 26 0 15 121 50 50 143 0 99 6 
0 117 117 0 0 96 96 30 127 127 26 0 0 121 50 50 143 0 0 0 
129 0 9 9 0 0 146 16 8 8 0 0 151 71 42 42 0 35 35 0 
113 0 9 9 93 54 146 16 0 0 0 70 70 31 31 126 90 35 35 79 
0 0 49 49 141 0 0 0 0 0 100 100 115 0 0 83 3 3 140 91 
14 0 0 131 141 88 0 0 0 4 100 100 0 107 107 0 3 3 0 91 
